%YAML:1.0
---
CameraExtrinsicMat: !!opencv-matrix
   rows: 4
   cols: 4
   dt: d
   data: [ 0.85280734, 0.049903277, -0.51989943, 0.0079001766,
       0.52227801, -0.064581558, 0.85033965, 0.1178633,
       0.0088586761, -0.99665362, -0.081134707, -0.2315457,
       0, 0, 0, 1 ]
CameraMat: !!opencv-matrix
   rows: 3
   cols: 3
   dt: d
   data: [ 1177.350263, 0.000000, 944.441354, 0.000000, 1174.395312, 595.230049, 0.000000, 0.000000, 1.000000 ]
DistCoeff: !!opencv-matrix
   rows: 1
   cols: 5
   dt: d
   data: [ 0.107542, -0.160397, 0.000789, -0.004844, 0.000000 ]
ImageSize: [ 1920, 1080 ]
ReprojectionError: 0
DistModel: plumb_bob
