%YAML:1.0
---
CameraExtrinsicMat: !!opencv-matrix
   rows: 4
   cols: 4
   dt: d
   data: [ -0.91756153, 0.04346149, -0.39521402, -0.37861547,
       0.39649785, 0.026171904, -0.91766286, 0.086859271,
       -0.029539332, -0.99871379, -0.041246567, -0.33127442,
       0, 0, 0, 1 ]
CameraMat: !!opencv-matrix
   rows: 3
   cols: 3
   dt: d
   data: [ 1177.350263, 0.000000, 944.441354, 0.000000, 1174.395312, 595.230049, 0.000000, 0.000000, 1.000000 ]
DistCoeff: !!opencv-matrix
   rows: 1
   cols: 5
   dt: d
   data: [ 0.107542, -0.160397, 0.000789, -0.004844, 0.000000 ]
ImageSize: [ 1920, 1080 ]
ReprojectionError: 0
DistModel: plumb_bob
