%YAML:1.0
---
CameraExtrinsicMat: !!opencv-matrix
   rows: 4
   cols: 4
   dt: d
   data: [ -0.83314282, -0.045974232, 0.55120558, -0.048963446,
       -0.5531798, 0.072554812, -0.8299101, -0.12597579,
       -0.0018380907, -0.99629545, -0.085875697, -0.29032913,
       0, 0, 0, 1 ]
CameraMat: !!opencv-matrix
   rows: 3
   cols: 3
   dt: d
   data: [ 1177.350263, 0.000000, 944.441354, 0.000000, 1174.395312, 595.230049, 0.000000, 0.000000, 1.000000 ]
DistCoeff: !!opencv-matrix
   rows: 1
   cols: 5
   dt: d
   data: [ 0.107542, -0.160397, 0.000789, -0.004844, 0.000000 ]
ImageSize: [ 1920, 1080 ]
ReprojectionError: 0
DistModel: plumb_bob
