%YAML:1.0
---
CameraExtrinsicMat: !!opencv-matrix
   rows: 4
   cols: 4
   dt: d
   data: [ 8.437187865487326e-01, 3.329633364499548e-02, -5.357536589655916e-01, 0.057349242,
       5.367864143972345e-01, -5.460467437889722e-02, 8.419496556693341e-01, -0.016734749,
       -1.220867600000000e-03, -9.979542500000000e-01, -6.394302800000000e-02, -0.17529829,
       0, 0, 0, 1 ]
CameraMat: !!opencv-matrix
   rows: 3
   cols: 3
   dt: d
   data: [ 1164.6233338297, 0.000000, 950.1242940800, 0.000000, 1161.1018211652, 538.5516554830, 0.000000, 0.000000, 1.000000 ]
DistCoeff: !!opencv-matrix
   rows: 1
   cols: 5
   dt: d
   data: [ 0.107542, -0.160397, 0.000789, -0.004844, 0.000000 ]
ImageSize: [ 1920, 1080 ]
ReprojectionError: 0
DistModel: plumb_bob
