%YAML:1.0
---
CameraExtrinsicMat: !!opencv-matrix
   rows: 4
   cols: 4
   dt: d
   data: [ 0.043011278, -0.063937202, 0.99702662, 0.057349242,
       -0.99907511, -0.0015331336, 0.043001451, -0.016734749,
       -0.0012208676, -0.99795425, -0.063943028, -0.17529829,
       0, 0, 0, 1 ]
CameraMat: !!opencv-matrix
   rows: 3
   cols: 3
   dt: d
   data: [ 1164.6233338297, 0.000000, 950.1242940800, 0.000000, 1161.1018211652, 538.5516554830, 0.000000, 0.000000, 1.000000 ]
DistCoeff: !!opencv-matrix
   rows: 1
   cols: 5
   dt: d
   data: [ 0.107542, -0.160397, 0.000789, -0.004844, 0.000000 ]
ImageSize: [ 1920, 1080 ]
ReprojectionError: 0
DistModel: plumb_bob


