%YAML:1.0
---
CameraExtrinsicMat: !!opencv-matrix
   rows: 4
   cols: 4
   dt: d
   data: [ -4.301127799999988e-02, 6.393720200000000e-02, -9.970266200000000e-01, 0.057349242,
       9.990751100000000e-01, 1.533133599999992e-03, -4.300145099999988e-02, -0.016734749,
       -1.220867600000000e-03, -9.979542500000000e-01, -6.394302800000000e-02, -0.17529829,
       0, 0, 0, 1 ]
CameraMat: !!opencv-matrix
   rows: 3
   cols: 3
   dt: d
   data: [ 1164.6233338297, 0.000000, 950.1242940800, 0.000000, 1161.1018211652, 538.5516554830, 0.000000, 0.000000, 1.000000 ]
DistCoeff: !!opencv-matrix
   rows: 1
   cols: 5
   dt: d
   data: [ 0.107542, -0.160397, 0.000789, -0.004844, 0.000000 ]
ImageSize: [ 1920, 1080 ]
ReprojectionError: 0
DistModel: plumb_bob
