%YAML:1.0
---
CameraExtrinsicMat: !!opencv-matrix
   rows: 4
   cols: 4
   dt: d
   data: [ 0.88645655, -0.066561311, 0.45807329, 0.038050275,
       -0.46127522, -0.042825211, 0.88623506, 0.0068095294,
       -0.039369456, -0.99685234, -0.06866198, -0.27988604,
       0, 0, 0, 1 ]
CameraMat: !!opencv-matrix
   rows: 3
   cols: 3
   dt: d
   data: [ 1177.350263, 0.000000, 944.441354, 0.000000, 1174.395312, 595.230049, 0.000000, 0.000000, 1.000000 ]
DistCoeff: !!opencv-matrix
   rows: 1
   cols: 5
   dt: d
   data: [ 0.107542, -0.160397, 0.000789, -0.004844, 0.000000 ]
ImageSize: [ 1920, 1080 ]
ReprojectionError: 0
DistModel: plumb_bob
