%YAML:1.0
---
CameraExtrinsicMat: !!opencv-matrix
   rows: 4
   cols: 4
   dt: d
   data: [ -0.084282629, 0.086532786, -0.99267787, -0.020148261,
       0.99641061, 0.0007147615, -0.08453694, -0.2333381,
       -0.0066051907, -0.99623895, -0.086281769, -0.31709507,
       0, 0, 0, 1 ]
CameraMat: !!opencv-matrix
   rows: 3
   cols: 3
   dt: d
   data: [ 1177.350263, 0.000000, 944.441354, 0.000000, 1174.395312, 595.230049, 0.000000, 0.000000, 1.000000 ]
DistCoeff: !!opencv-matrix
   rows: 1
   cols: 5
   dt: d
   data: [ 0.107542, -0.160397, 0.000789, -0.004844, 0.000000 ]
ImageSize: [ 1920, 1080 ]
ReprojectionError: 0
DistModel: plumb_bob
