image_width: 640
image_height: 480
camera_name: head_camera
camera_matrix:
  rows: 3
  cols: 3
  data: [ 520.85691,    0.     ,  307.06383,
            0.     ,  519.89951,  229.75622,
            0.     ,    0.     ,    1.     ]
camera_model: plumb_bob
distortion_coefficients:
  rows: 1
  cols: 5
  data: [0.089009, -0.182743, -0.000566, -0.000967, 0.000000]
rectification_matrix:
  rows: 3
  cols: 3
  data: [ 1.,  0.,  0.,
          0.,  1.,  0.,
          0.,  0.,  1.]
projection_matrix:
  rows: 3
  cols: 4
  data: [ 524.67712,    0.     ,  306.01449,    0.     ,
            0.     ,  525.69189,  229.53692,    0.     ,
            0.     ,    0.     ,    1.     ,    0.     ]
